Inside the Backrooms,One-armed cook,UNO,NVIDIA® VR Funhouse,Fast and Low,76561199022018738,11-12-2023
